-1.0488322	-0.97952616	-1.0320219	-1.0369741	-1.0326846	-1.0113611	-0.96888936	-0.95687735	-0.9888645	-0.8985406	
***0.1***
--------------------------------------------------
-1.0488322	-0.97952616	-1.0320219	-1.0369741	-1.0326846	-1.0113611	-0.96888936	-0.95687735	-0.9888645	-0.8985406	
***0.1***
--------------------------------------------------
-1.0665615	-0.9482471	-1.0403707	-1.0493023	-1.0353601	-0.986608	-0.9749116	-0.9333954	-0.9922312	-0.92758346	
***0.09000000000000001***
--------------------------------------------------
-1.0665615	-0.9482471	-1.0403707	-1.0493023	-1.0353601	-0.986608	-0.9749116	-0.9333954	-0.9922312	-0.92758346	
***0.09000000000000001***
--------------------------------------------------
-1.0790974	-0.9264781	-1.044706	-1.0588754	-1.0354983	-0.9624669	-0.9775748	-0.9101116	-1.0105855	-0.9491762	
***0.08100000000000002***
--------------------------------------------------
-1.0790974	-0.9264781	-1.044706	-1.0588754	-1.0354983	-0.9624669	-0.9775748	-0.9101116	-1.0105855	-0.9491762	
***0.08100000000000002***
--------------------------------------------------
-1.0866284	-0.91052777	-1.0483617	-1.0670567	-1.0347039	-0.9386129	-0.97878647	-0.89012295	-1.0327829	-0.9669894	
***0.07290000000000002***
--------------------------------------------------
-1.0866284	-0.91052777	-1.0483617	-1.0670567	-1.0347039	-0.9386129	-0.97878647	-0.89012295	-1.0327829	-0.9669894	
***0.07290000000000002***
--------------------------------------------------
-1.0918728	-0.89765245	-1.0512686	-1.0739347	-1.0331861	-0.9165301	-0.97956467	-0.87308407	-1.0558119	-0.9816662	
***0.06561000000000002***
--------------------------------------------------
