-1.0485384	-0.91803896	-1.0289629	-1.0409906	-1.0108104	-1.0000545	-1.0083771	-0.9929401	-1.007766	-0.8980928	
***0.1***
--------------------------------------------------
-1.0485384	-0.91803896	-1.0289629	-1.0409906	-1.0108104	-1.0000545	-1.0083771	-0.9929401	-1.007766	-0.8980928	
***0.1***
--------------------------------------------------
-1.0662456	-0.8934713	-1.0380609	-1.0498457	-1.0142266	-0.98359764	-1.0090264	-0.96788156	-1.0107806	-0.9214355	
***0.09000000000000001***
--------------------------------------------------
-1.0662456	-0.8934713	-1.0380609	-1.0498457	-1.0142266	-0.98359764	-1.0090264	-0.96788156	-1.0107806	-0.9214355	
***0.09000000000000001***
--------------------------------------------------
-1.0711908	-0.8729183	-1.0384796	-1.0566131	-1.0163109	-0.9622852	-1.0084399	-0.95202494	-1.0284343	-0.94787294	
***0.08100000000000002***
--------------------------------------------------
-1.0711908	-0.8729183	-1.0384796	-1.0566131	-1.0163109	-0.9622852	-1.0084399	-0.95202494	-1.0284343	-0.94787294	
***0.08100000000000002***
--------------------------------------------------
-1.0736395	-0.85623574	-1.0381898	-1.063235	-1.0172335	-0.9364319	-1.013577	-0.93737733	-1.050614	-0.9680383	
***0.07290000000000002***
--------------------------------------------------
-1.0736395	-0.85623574	-1.0381898	-1.063235	-1.0172335	-0.9364319	-1.013577	-0.93737733	-1.050614	-0.9680383	
***0.07290000000000002***
--------------------------------------------------
-1.0750067	-0.842265	-1.038334	-1.0692061	-1.0171119	-0.9118826	-1.019843	-0.92425567	-1.0731392	-0.98352885	
***0.06561000000000002***
--------------------------------------------------
