-1.0455562	-0.9839015	-1.0134507	-1.0127623	-1.0201058	-0.997697	-0.99484354	-0.9908735	-1.0020592	-0.8933207	
***0.1***
--------------------------------------------------
-1.0455562	-0.9839015	-1.0134507	-1.0127623	-1.0201058	-0.997697	-0.99484354	-0.9908735	-1.0020592	-0.8933207	
***0.1***
--------------------------------------------------
-1.0634313	-0.9519463	-1.0169723	-1.0292375	-1.0205288	-0.97729856	-1.0018989	-0.9703389	-1.0020252	-0.9208942	
***0.09000000000000001***
--------------------------------------------------
-1.0634313	-0.9519463	-1.0169723	-1.0292375	-1.0205288	-0.97729856	-1.0018989	-0.9703389	-1.0020252	-0.9208942	
***0.09000000000000001***
--------------------------------------------------
-1.0737404	-0.92770714	-1.0165544	-1.0370017	-1.0203744	-0.9541937	-1.0043608	-0.9542399	-1.020595	-0.9458059	
***0.08100000000000002***
--------------------------------------------------
-1.0737404	-0.92770714	-1.0165544	-1.0370017	-1.0203744	-0.9541937	-1.0043608	-0.9542399	-1.020595	-0.9458059	
***0.08100000000000002***
--------------------------------------------------
-1.0804458	-0.9093601	-1.016477	-1.0431945	-1.019453	-0.92750424	-1.0103339	-0.9396848	-1.0427005	-0.9654188	
***0.07290000000000002***
--------------------------------------------------
-1.0804458	-0.9093601	-1.016477	-1.0431945	-1.019453	-0.92750424	-1.0103339	-0.9396848	-1.0427005	-0.9654188	
***0.07290000000000002***
--------------------------------------------------
-1.0853221	-0.89494056	-1.0166531	-1.047974	-1.018025	-0.9026027	-1.0167571	-0.926747	-1.0647359	-0.98081684	
***0.06561000000000002***
--------------------------------------------------
