-1.0522313	-0.9752278	-1.0475599	-1.0275203	-1.011798	-0.93279606	-0.9982141	-0.99193966	-1.0154434	-0.9018391	
***0.1***
--------------------------------------------------
-1.0522313	-0.9752278	-1.0475599	-1.0275203	-1.011798	-0.93279606	-0.9982141	-0.99193966	-1.0154434	-0.9018391	
***0.1***
--------------------------------------------------
-1.0703716	-0.94619185	-1.0485331	-1.0461518	-1.0155195	-0.9193377	-1.0037956	-0.96628755	-1.0127698	-0.92561203	
***0.09000000000000001***
--------------------------------------------------
-1.0703716	-0.94619185	-1.0485331	-1.0461518	-1.0155195	-0.9193377	-1.0037956	-0.96628755	-1.0127698	-0.92561203	
***0.09000000000000001***
--------------------------------------------------
-1.0806032	-0.9229122	-1.0479517	-1.0571024	-1.0146528	-0.901467	-1.0014942	-0.95004696	-1.0274194	-0.9509229	
***0.08100000000000002***
--------------------------------------------------
-1.0806032	-0.9229122	-1.0479517	-1.0571024	-1.0146528	-0.901467	-1.0014942	-0.95004696	-1.0274194	-0.9509229	
***0.08100000000000002***
--------------------------------------------------
-1.0879356	-0.9062807	-1.048504	-1.0661669	-1.0130823	-0.8741864	-1.0055774	-0.9348246	-1.0478456	-0.97016925	
***0.07290000000000002***
--------------------------------------------------
-1.0879356	-0.9062807	-1.048504	-1.0661669	-1.0130823	-0.8741864	-1.0055774	-0.9348246	-1.0478456	-0.97016925	
***0.07290000000000002***
--------------------------------------------------
-1.0933714	-0.89324313	-1.0490079	-1.0738145	-1.0109622	-0.846864	-1.0110766	-0.9210591	-1.0692933	-0.98588157	
***0.06561000000000002***
--------------------------------------------------
