-1.0558876	-0.9774116	-1.0407748	-1.0351214	-1.0259302	-1.0070026	-1.0136203	-0.9959378	-0.99600387	-0.8068809	
***0.1***
--------------------------------------------------
-1.0558876	-0.9774116	-1.0407748	-1.0351214	-1.0259302	-1.0070026	-1.0136203	-0.9959378	-0.99600387	-0.8068809	
***0.1***
--------------------------------------------------
-1.0738002	-0.94667375	-1.0451728	-1.0478698	-1.0263345	-0.9897936	-1.0168155	-0.97376096	-1.0064188	-0.82793236	
***0.09000000000000001***
--------------------------------------------------
-1.0738002	-0.94667375	-1.0451728	-1.0478698	-1.0263345	-0.9897936	-1.0168155	-0.97376096	-1.0064188	-0.82793236	
***0.09000000000000001***
--------------------------------------------------
-1.0804509	-0.92439824	-1.0458755	-1.0571656	-1.025429	-0.9674317	-1.0198818	-0.9585734	-1.024519	-0.8508485	
***0.08100000000000002***
--------------------------------------------------
-1.0804509	-0.92439824	-1.0458755	-1.0571656	-1.025429	-0.9674317	-1.0198818	-0.9585734	-1.024519	-0.8508485	
***0.08100000000000002***
--------------------------------------------------
-1.085885	-0.9078368	-1.04639	-1.0653228	-1.0247235	-0.94364417	-1.0247725	-0.9451669	-1.043693	-0.8671396	
***0.07290000000000002***
--------------------------------------------------
-1.085885	-0.9078368	-1.04639	-1.0653228	-1.0247235	-0.94364417	-1.0247725	-0.9451669	-1.043693	-0.8671396	
***0.07290000000000002***
--------------------------------------------------
-1.0900822	-0.8948759	-1.0468546	-1.0726151	-1.0239234	-0.92158496	-1.0293872	-0.9329132	-1.0619843	-0.8803522	
***0.06561000000000002***
--------------------------------------------------
