15
21
36
37
68
77
100
109
142
214
225
264
292
300
302
303
317
324
336
342
373
408
422
469
472
473
493
528
533
536
601
617
618
653
675
683
687
747
750
754
756
805
859
865
901
944
960
967
1037
1044
1050
1052
1060
1085
1091
1096
1099
1151
1168
1198
1201
1209
1240
1250
1312
1339
1371
1428
1432
1439
1470
1474
1503
1526
1533
1534
1539
1541
1576
1614
1620
1644
1646
1652
1656
1679
1690
1729
1740
1744
1772
1810
1816
1817
1841
1877
1884
1886
1891
2004
2010
2012
2022
2131
2135
2166
2208
2233
2262
2264
2266
2270
2277
2312
2332
2351
2364
2400
2403
2412
2418
2476
2488
2520
2527
2558
2559
2590
2595
2599
2610
2634
2698
2702
2703
2719
2729
2731
2750
2765
2767
2815
2831
2838
2841
2847
2895
2913
2934
2938
2982
2985
3008
3029
3047
3058
3067
3071
3099
3138
3144
3168
3186
3188
3192
3207
3270
3340
3345
3386
3390
3397
3415
3419
3426
3445
3447
3478
3527
3534
3538
3543
3546
3553
3559
3560
3573
3588
3612
3633
3650
3667
3689
3698
3712
3726
3762
3767
3773
3780
3825
3828
3848
3851
3852
3874
3916
3940
3965
4018
4026
4046
4070
4078
4080
4085
4088
4094
4106
4107
4114
4118
4147
4173
4184
4194
4208
4223
4243
4251
4285
4317
4334
4371
4375
4386
4395
4406
4424
4426
4474
4487
4515
4536
4606
4620
4633
4636
4646
4667
4771
4834
4851
4875
4879
4912
4925
4955
4966
4997
5000
5016
5069
5136
5140
5145
5151
5169
5185
5265
5272
5290
5304
5337
5347
5352
5363
5368
5374
5382
5397
5406
5442
5459
5526
5568
5581
5606
5609
5619
5620
5625
5626
5628
5656
5657
5659
5690
5732
5740
5742
5785
5801
