30
62
85
149
158
161
163
194
200
232
246
249
259
268
305
313
317
353
363
365
385
396
405
410
444
445
467
520
547
562
581
593
619
627
650
658
663
670
674
675
686
705
722
726
731
745
767
772
788
823
896
898
904
936
972
997
1004
1010
1045
1058
1063
1064
1076
1114
1125
1143
1159
1172
1212
1222
1259
1265
1269
1305
1309
1391
1417
1422
1452
1478
1486
1496
1506
1532
1612
1613
1640
1645
1647
1662
1664
1709
1730
1753
1771
1788
1799
1840
1854
1917
1937
1941
1947
1978
2027
2042
2066
2102
2113
2123
2135
2164
2206
2210
2229
2235
2238
2241
2253
2285
2296
2314
2319
2325
2343
2345
2362
2444
2472
2517
2527
2542
2546
2561
2588
2594
2618
2640
2644
2666
2680
2692
2745
2768
2775
2785
2787
2795
2816
2829
2846
2857
2859
2861
2871
2874
2890
2907
2952
2957
2981
3015
3042
3071
3073
3123
3126
3137
3160
3173
3181
3182
3184
3189
3221
3283
3286
3301
3311
3421
3441
3452
3460
3489
3512
3517
3534
3535
3549
3561
3600
3616
3624
3626
3631
3639
3654
3666
3673
3710
3741
3752
3756
3767
3793
3804
3828
3915
3920
3929
3934
3986
4053
4058
4077
4117
4137
4140
4179
4186
4212
4214
4216
4246
4259
4289
4297
4332
4335
4351
4371
4381
4392
4411
4414
4418
4420
4431
4445
4493
4494
4538
4586
4598
4619
4623
4633
4669
4681
4682
4717
4723
4730
4737
4760
4801
4802
4828
4835
4870
4878
4883
4887
4895
4923
4937
4956
4977
4995
4997
5010
5043
5061
5073
5110
5113
5143
5149
5193
5199
5208
5225
5232
5238
5336
5337
5421
5424
5497
5523
5535
5539
5556
5571
5589
5595
5608
5619
5646
5651
5691
5695
5728
5750
5754
5784
5794
5795
5835
