30
34
38
51
71
90
98
114
116
141
146
151
165
213
221
232
238
250
262
285
297
304
350
375
425
427
441
452
481
487
488
501
521
525
612
616
626
636
643
658
678
708
714
718
741
782
789
799
887
906
927
941
948
957
981
987
1069
1097
1132
1162
1183
1194
1247
1264
1269
1275
1299
1322
1389
1404
1476
1477
1485
1498
1520
1544
1551
1556
1557
1560
1562
1607
1655
1659
1663
1688
1697
1698
1727
1745
1771
1798
1810
1829
1849
1868
1885
1898
1910
1914
1935
1963
1971
1984
1997
2002
2048
2079
2083
2096
2106
2110
2125
2156
2181
2183
2185
2188
2191
2215
2237
2247
2304
2305
2315
2337
2346
2356
2438
2446
2453
2467
2468
2469
2471
2492
2505
2512
2515
2540
2586
2654
2686
2700
2715
2724
2736
2755
2763
2781
2799
2814
2889
2907
2927
2949
2988
2993
3001
3015
3023
3024
3051
3073
3099
3113
3114
3134
3169
3177
3190
3201
3208
3211
3226
3251
3252
3255
3269
3273
3283
3286
3306
3328
3358
3368
3411
3415
3447
3474
3489
3495
3528
3583
3601
3609
3620
3638
3643
3652
3672
3680
3701
3704
3713
3719
3736
3742
3744
3747
3826
3871
3879
3911
3913
3915
3918
3938
3954
3977
4000
4017
4036
4058
4068
4075
4077
4125
4174
4180
4190
4237
4273
4276
4290
4319
4329
4331
4377
4387
4389
4403
4410
4429
4432
4440
4459
4461
4478
4494
4558
4571
4601
4631
4636
4657
4662
4688
4703
4722
4751
4763
4778
4790
4835
4855
4862
4864
4879
4923
4930
4955
4970
4993
5051
5052
5075
5076
5085
5166
5175
5179
5181
5200
5205
5230
5239
5246
5252
5270
5303
5304
5349
5369
5371
5382
5400
5429
5444
5473
5485
5486
5501
5505
5514
5531
5576
5578
5600
5604
5611
5662
5704
5705
5742
5778
5813
5816
5824
5829
