31
33
72
80
110
112
157
189
191
197
205
237
238
241
258
270
272
277
294
332
414
446
464
489
500
523
529
536
538
550
560
569
602
676
708
724
765
806
840
881
889
900
919
931
950
957
963
969
972
1000
1005
1009
1019
1029
1033
1036
1088
1090
1102
1148
1164
1182
1218
1232
1259
1280
1293
1295
1303
1387
1455
1482
1563
1573
1595
1607
1660
1696
1717
1727
1731
1736
1769
1781
1811
1863
1874
1882
1906
2010
2024
2033
2040
2066
2070
2087
2090
2156
2192
2195
2241
2247
2305
2329
2341
2356
2371
2390
2408
2415
2416
2420
2423
2430
2533
2543
2575
2598
2613
2617
2638
2642
2661
2678
2689
2693
2719
2724
2731
2735
2745
2748
2760
2837
2855
2864
2893
2895
2898
2903
2907
2932
2966
2996
3028
3038
3046
3065
3067
3151
3159
3172
3174
3201
3213
3215
3217
3230
3307
3346
3355
3357
3370
3375
3399
3403
3413
3422
3430
3451
3469
3484
3506
3546
3550
3650
3664
3689
3722
3726
3729
3740
3757
3777
3815
3817
3825
3862
3864
3870
3883
3913
3919
3944
4003
4018
4047
4093
4099
4104
4151
4168
4186
4201
4211
4216
4218
4230
4233
4253
4352
4430
4443
4451
4452
4453
4480
4542
4550
4685
4691
4694
4715
4726
4743
4772
4777
4789
4805
4808
4838
4853
4872
4954
4970
5002
5010
5022
5080
5111
5119
5130
5178
5250
5252
5266
5282
5285
5289
5303
5332
5338
5346
5357
5367
5372
5386
5409
5470
5509
5511
5532
5558
5598
5604
5620
5622
5669
5740
5811
5812
5813
5817
