8
11
76
88
93
96
109
113
121
127
149
163
171
174
183
194
207
250
265
300
302
303
306
323
327
329
331
332
334
341
342
357
376
384
391
437
461
465
498
511
519
529
533
539
545
575
582
679
683
704
708
735
773
808
823
824
825
827
832
854
866
883
904
919
929
937
940
952
955
976
985
991
999
1049
1088
1091
1096
1118
1141
1149
1156
1160
1163
1177
1197
1198
1240
1263
1320
1321
1328
1331
1374
1421
1432
1443
1459
1501
1521
1546
1600
1613
1628
1667
1692
1723
1725
1757
1758
1766
1810
1820
1823
1848
1893
1903
1908
1911
1962
1977
1999
2046
2074
2090
2096
2104
2123
2165
2180
2185
2186
2240
2242
2280
2301
2307
2392
2422
2426
2437
2481
2489
2491
2493
2511
2516
2524
2563
2578
2587
2638
2647
2740
2772
2834
2882
2885
2901
2969
2991
3016
3049
3118
3179
3183
3204
3206
3281
3313
3314
3316
3324
3339
3353
3369
3392
3409
3419
3425
3438
3446
3461
3508
3567
3582
3591
3661
3664
3667
3680
3705
3712
3730
3757
3766
3785
3798
3804
3813
3818
3832
3839
3847
3851
3873
3906
3921
3958
3971
3975
3985
4003
4033
4053
4058
4066
4076
4077
4079
4109
4112
4114
4127
4131
4144
4174
4188
4193
4231
4239
4268
4283
4297
4404
4423
4437
4455
4499
4522
4530
4537
4540
4571
4574
4596
4644
4649
4693
4745
4766
4818
4821
4843
4849
4862
4865
4869
4871
4920
4937
4939
4966
4997
5008
5016
5026
5085
5094
5097
5109
5110
5136
5155
5169
5181
5187
5195
5204
5212
5228
5234
5299
5303
5330
5422
5433
5437
5438
5439
5458
5490
5495
5499
5517
5519
5528
5565
5654
5668
5685
5730
5740
5742
5746
5767
5780
5783
5813
5817
5833
5835
